01 Brandon              00001 00200.00   
00 Brandon              00000 00000.00 
01 Brandon              00001 00300.00   
02 Brandon              00001 00400.00 00002
00 Brandon              00000 00000.00 
02 Brandon              00001 00600.00 00002
00 Brandon              00000 00000.00 
03 Brandon              00001 00200.00 EC
00 Brandon              00000 00000.00 
05 NewUser              00000 00500.00   
00 ADMIN                00000 00000.00 
06 Brandon              00001 00000.00   
00 ADMIN                00000 00000.00 
07 Brandon              00001 00000.00   
00 ADMIN                00000 00000.00 
08 Brandon              00001 00000.00   
00 ADMIN                00000 00000.00 
00 Brandon              00000 00000.00 
04 Brandon              00001 00300.00   
00 Brandon              00000 00000.00 
04 Brandon              00001 00500.00   
00 ADMIN                00000 00000.00 
04 Brandon              00001 00500.00   
00 Brandon              00000 00000.00 
02 Brandon              00001 00200.00 00002
00 Brandon              00000 00000.00 
05 Moksh                00000 10000.00   
05 Moksh                00000 01000.00   
00 Brandon              00000 00000.00 
01 Brandon              00001 00200.00   
00 Brandon              00000 00000.00 
01 Brandon              00001 00300.00   
02 Brandon              00001 00400.00 00002
00 Brandon              00000 00000.00 
02 Brandon              00001 00600.00 00002
00 Brandon              00000 00000.00 
03 Brandon              00001 00200.00 EC
00 Brandon              00000 00000.00 
00 ADMIN                00000 00000.00 
06 Brandon              00001 00000.00   
00 ADMIN                00000 00000.00 
07 Brandon              00001 00000.00   
00 ADMIN                00000 00000.00 
08 Brandon              00001 00000.00   
00 ADMIN                00000 00000.00 
04 Brandon              00001 00300.00   
00 Brandon              00000 00000.00 
